N_unmapped	22290	22290	22290
N_multimapping	297114	297114	297114
N_noFeature	194078	219965	2342119
N_ambiguous	148374	31037	4688
ENSG00000260370.1	0	0	0
ENSG00000237297.1	0	0	0
ENSG00000261456.5	10	10	0
ENSG00000232420.2	0	0	0
ENSG00000015171.19	6430	6320	110
ENSG00000276662.1	2	0	2
ENSG00000212331.1	1	0	1
ENSG00000151240.16	1215	1222	3
ENSG00000201861.1	1	1	0
ENSG00000239822.3	0	0	0
ENSG00000233021.2	0	0	10
ENSG00000225140.1	1	0	1
ENSG00000263511.1	0	0	0
ENSG00000180525.11	51	47	4
ENSG00000231601.1	0	0	0
ENSG00000107929.14	4989	4968	21
ENSG00000229869.1	7	7	0
ENSG00000205740.2	42	51	0
ENSG00000107937.18	10131	10143	189
ENSG00000148377.5	2	2	195
ENSG00000232656.7	9	31	991
ENSG00000067064.11	2268	3199	82
ENSG00000047056.15	1021	965	59
ENSG00000229205.3	0	0	0
ENSG00000185736.15	0	0	0
ENSG00000282390.1	0	0	0
ENSG00000233052.1	0	0	0
ENSG00000205696.4	0	0	0
ENSG00000234962.5	0	0	0
ENSG00000226694.2	0	0	0
ENSG00000278069.1	0	0	0
ENSG00000252998.1	0	0	0
ENSG00000227912.1	0	0	0
ENSG00000231326.6	0	0	0
ENSG00000212156.1	0	0	0
ENSG00000234556.1	0	0	0
ENSG00000234170.5	0	0	0
ENSG00000237500.1	0	0	0
ENSG00000235281.1	0	0	0
ENSG00000231743.1	0	0	0
ENSG00000234182.1	0	0	0
ENSG00000273001.1	37	38	0
ENSG00000067057.16	28282	28138	150
ENSG00000278419.1	0	0	0
ENSG00000107959.15	5888	7233	148
ENSG00000237399.7	88	83	1487
ENSG00000236968.1	0	0	0
ENSG00000226762.2	0	0	0
ENSG00000227338.1	0	0	0
ENSG00000233321.1	1	0	1
ENSG00000236892.1	0	0	0
ENSG00000229672.2	1	0	1
ENSG00000228353.1	0	0	0
ENSG00000067082.14	10079	9981	98
ENSG00000230573.1	1	1	0
ENSG00000226005.4	1	1	0
ENSG00000274809.1	0	0	0
ENSG00000227101.1	0	0	0
ENSG00000236990.1	0	0	0
ENSG00000233117.2	1	1	0
ENSG00000224382.1	0	0	0
ENSG00000230096.1	0	0	0
ENSG00000207124.1	0	0	0
ENSG00000231298.6	68	68	3
ENSG00000225269.2	9	0	12
ENSG00000165568.17	698	692	6
ENSG00000151631.8	6	0	6
ENSG00000238840.1	17	0	17
ENSG00000187134.13	26161	25027	1224
ENSG00000151632.17	117251	117096	346
ENSG00000224251.6	340	19	417
ENSG00000239148.1	20	0	20
ENSG00000196139.13	52406	52252	158
ENSG00000239142.1	1	0	1
ENSG00000225418.1	0	0	0
ENSG00000264006.8	7	6	1
ENSG00000198610.10	31	14	18
ENSG00000228291.1	0	0	0
ENSG00000231039.2	2	0	2
ENSG00000224034.1	62	62	0
ENSG00000215267.8	136	135	1
ENSG00000223987.1	1	1	0
ENSG00000280450.1	0	0	0
ENSG00000178473.6	1	1	0
ENSG00000178462.11	29	29	0
ENSG00000173848.18	4689	4625	64
ENSG00000178372.7	0	0	0
ENSG00000205488.8	8	8	0
ENSG00000178363.4	0	0	0
ENSG00000256462.1	0	0	0
ENSG00000242147.1	58	58	0
ENSG00000231483.1	5	4	1
ENSG00000228951.1	1	1	0
ENSG00000228685.1	0	0	0
ENSG00000240577.3	0	0	0
ENSG00000196372.12	827	827	0
ENSG00000108021.20	6836	6997	65
ENSG00000226647.2	6	0	232
ENSG00000057608.16	19079	18948	163
ENSG00000270427.1	6	0	6
ENSG00000272764.1	14	46	0
ENSG00000134461.15	513	512	1
ENSG00000240180.1	0	0	0
ENSG00000134452.19	3426	3833	31
ENSG00000232807.2	16	2	452
ENSG00000134470.20	37	34	3
ENSG00000134460.17	0	0	0
ENSG00000251922.1	0	0	0
ENSG00000229664.1	1	1	0
ENSG00000214015.3	0	0	0
ENSG00000134453.15	6667	6547	120
ENSG00000170525.20	30386	30295	92
ENSG00000201581.1	2	2	0
ENSG00000263628.1	0	0	0
ENSG00000283634.1	0	0	0
ENSG00000213994.3	7	2	6
ENSG00000238366.1	1	0	1
ENSG00000215244.2	2	2	0
ENSG00000226705.1	0	0	0
ENSG00000212743.2	4	4	0
ENSG00000065675.14	426	420	7
ENSG00000237943.6	447	446	2
ENSG00000225948.2	3	3	0
ENSG00000285743.1	2	2	0
ENSG00000223784.2	335	335	0
ENSG00000285988.1	0	0	0
ENSG00000281186.1	14	14	0
ENSG00000238266.2	843	832	11
ENSG00000285845.1	0	0	0
ENSG00000234248.1	0	0	0
ENSG00000223581.1	0	0	0
ENSG00000270811.1	0	0	0
ENSG00000198879.11	2820	2796	24
ENSG00000235141.1	0	0	0
ENSG00000278982.1	9	9	0
ENSG00000232591.1	0	0	0
ENSG00000207453.1	0	0	0
ENSG00000230121.1	0	0	0
ENSG00000123243.14	7	7	0
ENSG00000151655.18	44	39	5
ENSG00000151657.11	788	772	16
ENSG00000165629.19	11342	11316	26
ENSG00000165632.7	1193	1132	61
ENSG00000233990.1	0	0	0
ENSG00000107485.16	338	337	1
ENSG00000197308.9	3	2	5
ENSG00000232638.1	0	3	1
ENSG00000225053.1	0	0	0
ENSG00000232170.5	0	0	0
ENSG00000226861.1	0	0	0
ENSG00000226990.1	0	0	0
ENSG00000271251.1	0	0	0
ENSG00000213771.3	27	26	1
ENSG00000236420.1	0	0	0
ENSG00000212505.1	0	0	0
ENSG00000270234.1	0	0	0
ENSG00000234752.1	0	0	0
ENSG00000223808.1	0	0	0
ENSG00000230014.1	0	0	0
ENSG00000235838.1	0	0	0
ENSG00000228636.2	0	0	0
ENSG00000224788.1	0	0	0
ENSG00000229919.3	1	1	0
ENSG00000200849.1	0	0	0
ENSG00000272436.1	0	0	0
ENSG00000234306.1	0	0	0
ENSG00000279575.1	0	0	0
ENSG00000270111.2	0	0	0
ENSG00000228997.1	0	0	0
ENSG00000225383.7	0	0	0
ENSG00000048740.18	5	5	0
ENSG00000229240.8	0	0	0
ENSG00000231496.1	0	0	0
ENSG00000228027.1	0	0	0
ENSG00000229206.3	0	0	0
ENSG00000237986.3	0	0	0
ENSG00000230322.1	0	0	0
ENSG00000181800.5	0	0	0
ENSG00000280086.1	0	0	0
ENSG00000148429.14	1612	1802	14
ENSG00000271360.1	1	1	204
ENSG00000271046.1	0	0	0
ENSG00000134463.14	366	366	0
ENSG00000148426.12	1076	1164	3
ENSG00000225778.5	22	0	113
ENSG00000151461.19	3799	3587	213
ENSG00000251957.1	3	0	3
ENSG00000181192.11	1883	1875	8
ENSG00000272507.1	3	0	3
ENSG00000065665.20	1137	1094	744
ENSG00000265653.1	0	0	0
ENSG00000165609.12	5915	6764	114
ENSG00000151465.13	5843	7285	217
ENSG00000228302.2	65	9	1452
ENSG00000264036.2	0	0	0
ENSG00000183049.12	1629	1612	17
ENSG00000252438.1	0	0	0
ENSG00000252118.1	0	0	0
ENSG00000285994.1	0	0	0
ENSG00000263584.1	0	0	0
ENSG00000283699.1	0	0	0
ENSG00000221331.1	0	0	0
ENSG00000285520.1	0	0	11
ENSG00000151468.10	72	92	0
ENSG00000212499.1	0	0	0
ENSG00000225251.1	2	2	0
ENSG00000123240.16	2888	2836	61
ENSG00000235763.1	0	0	0
ENSG00000234175.1	2	0	2
ENSG00000228330.1	0	0	0
ENSG00000203414.2	1	0	1
ENSG00000237540.1	0	0	0
ENSG00000065328.16	3740	3715	25
ENSG00000272055.1	210	208	2
ENSG00000165623.9	1	1	0
ENSG00000107537.13	1330	1323	7
ENSG00000226209.1	1	1	0
ENSG00000086475.14	5050	5034	16
ENSG00000233256.1	0	0	0
ENSG00000165626.17	665	688	3
ENSG00000202508.1	0	0	0
ENSG00000227175.1	0	0	26
ENSG00000165630.13	443	485	5
ENSG00000227474.1	0	0	47
ENSG00000282246.1	0	0	0
ENSG00000239665.8	242	277	98
ENSG00000151474.22	249	308	103
ENSG00000273474.1	0	0	0
ENSG00000225112.1	0	0	0
ENSG00000199407.1	0	0	0
ENSG00000234091.1	0	0	0
ENSG00000215227.4	0	0	0
ENSG00000229751.1	0	0	0
ENSG00000235410.1	0	0	0
ENSG00000285671.1	0	0	0
ENSG00000266321.1	0	0	0
ENSG00000278100.1	0	0	0
ENSG00000221371.1	0	0	0
ENSG00000065809.13	9793	9752	41
ENSG00000236495.2	0	0	0
ENSG00000201766.1	0	0	0
ENSG00000237032.1	1	1	0
ENSG00000185267.9	54	54	289
ENSG00000284024.2	1211	1195	16
ENSG00000187522.15	1534	1520	21
ENSG00000272853.1	52	57	2
ENSG00000152455.15	1429	1609	74
ENSG00000152457.17	510	469	298
ENSG00000197889.9	19	22	0
ENSG00000235623.2	0	0	0
ENSG00000228547.5	1	1	0
ENSG00000182531.7	0	0	0
ENSG00000237470.3	0	0	0
ENSG00000152463.14	2	1	1
ENSG00000176244.6	61	60	1
ENSG00000228312.1	0	0	0
ENSG00000176236.6	9	12	63
ENSG00000152464.14	483	1092	98
ENSG00000152465.17	1812	1797	633
ENSG00000206448.3	1	1	0
ENSG00000228181.1	0	0	0
ENSG00000148468.16	2417	2408	9
ENSG00000232739.1	9	1	8
ENSG00000077943.7	1	0	1
ENSG00000148481.13	1187	1174	13
ENSG00000252537.1	0	0	0
ENSG00000237913.1	0	0	0
ENSG00000201260.1	0	0	0
ENSG00000226140.5	0	0	0
ENSG00000165983.14	1073	1079	4
ENSG00000223156.1	0	0	0
ENSG00000165985.9	58	0	68
ENSG00000148484.17	6805	6760	45
ENSG00000225213.2	9	9	0
ENSG00000275001.1	0	0	0
ENSG00000107611.15	21	21	0
ENSG00000273153.1	1	1	0
ENSG00000107614.21	432	431	2
ENSG00000229124.6	36	107	25002
ENSG00000026025.15	15354	59404	151
ENSG00000234961.1	0	42	15806
ENSG00000148488.16	19	17	2
ENSG00000204832.9	0	0	0
ENSG00000251803.1	0	0	0
ENSG00000236582.1	1	1	0
ENSG00000165996.13	1758	1758	2
ENSG00000280126.2	0	0	2
ENSG00000260589.1	31	31	0
ENSG00000136738.14	2304	2460	12
ENSG00000229190.1	5	1	172
ENSG00000148483.8	38	38	0
ENSG00000260314.2	2	2	0
ENSG00000207938.1	0	0	0
ENSG00000235637.1	0	0	0
ENSG00000148482.11	0	0	0
ENSG00000226083.5	0	0	0
ENSG00000165995.19	40	1	93
ENSG00000235020.4	0	0	0
ENSG00000240291.1	59	107	1
ENSG00000225527.1	4	4	0
ENSG00000241058.3	487	487	1
ENSG00000165997.4	2303	2288	15
ENSG00000225509.1	0	0	0
ENSG00000234244.1	0	0	0
ENSG00000234813.1	0	0	0
ENSG00000204740.10	0	0	0
ENSG00000226255.1	0	0	0
ENSG00000227734.1	0	0	0
ENSG00000239539.1	0	0	0
ENSG00000236960.1	0	0	0
ENSG00000200545.2	0	0	0
ENSG00000252001.1	0	0	0
ENSG00000233968.6	0	0	0
ENSG00000283456.1	0	0	0
ENSG00000230818.1	0	0	0
ENSG00000252832.1	0	0	0
ENSG00000285852.1	0	0	0
ENSG00000120594.16	6	6	0
ENSG00000238246.1	0	0	0
ENSG00000228339.1	0	0	0
ENSG00000270727.1	0	0	0
ENSG00000265372.1	0	0	0
ENSG00000078114.18	1856	1860	18
ENSG00000235940.1	0	0	0
ENSG00000230112.1	0	0	0
ENSG00000228753.1	180	178	2
ENSG00000228219.1	1	1	0
ENSG00000204683.11	2	2	0
ENSG00000231920.1	17	15	24
ENSG00000228860.1	0	0	0
ENSG00000232853.1	1	0	1
ENSG00000207264.1	4	4	0
ENSG00000230109.1	140	140	0
ENSG00000231553.1	0	0	0
ENSG00000278650.1	0	0	0
ENSG00000273566.1	0	0	0
ENSG00000199222.1	0	0	0
ENSG00000204682.5	3719	3657	64
ENSG00000222071.1	44	44	0
ENSG00000180592.16	581	555	26
ENSG00000078403.16	2745	2719	28
ENSG00000207347.1	0	0	0
ENSG00000223984.1	93	92	1
ENSG00000201390.1	0	0	0
ENSG00000136770.10	1541	1533	8
ENSG00000252634.1	0	0	0
ENSG00000279623.1	1	1	0
ENSG00000201364.1	0	0	0
ENSG00000232497.1	0	0	0
ENSG00000236777.1	0	0	0
ENSG00000223601.2	0	0	0
ENSG00000260205.1	0	0	0
ENSG00000227462.1	1	1	0
ENSG00000279631.1	15	15	0
ENSG00000261671.1	0	0	0
ENSG00000233318.2	0	0	0
ENSG00000148444.15	248	244	4
ENSG00000269897.5	0	0	0
ENSG00000168283.13	1544	1530	14
ENSG00000272516.1	0	0	0
ENSG00000271981.1	0	0	0
ENSG00000272366.1	2	1	1
ENSG00000077327.15	1	1	0
ENSG00000233451.1	0	0	0
ENSG00000285254.1	0	0	0
ENSG00000150867.13	2291	2256	35
ENSG00000279819.1	0	0	0
ENSG00000206842.1	0	0	0
ENSG00000165309.13	21	21	0
ENSG00000223131.1	0	0	0
ENSG00000148450.12	634	632	2
ENSG00000229932.3	1261	1258	3
ENSG00000252049.1	0	0	0
ENSG00000168267.6	0	0	0
ENSG00000179133.13	4	6	0
ENSG00000227537.1	0	0	0
ENSG00000224215.1	1	1	2
ENSG00000264574.1	0	0	0
ENSG00000165312.6	199	197	2
ENSG00000120549.17	442	436	6
ENSG00000223928.1	0	0	0
ENSG00000277563.1	0	0	0
ENSG00000207930.1	0	0	0
ENSG00000279029.1	0	0	0
ENSG00000107863.17	4492	4452	40
ENSG00000199535.1	0	0	0
ENSG00000285750.1	0	0	0
ENSG00000099256.18	1484	1464	29
ENSG00000228667.1	0	0	0
ENSG00000240294.2	0	0	0
ENSG00000285859.1	29	34	0
ENSG00000273107.1	12	12	4
ENSG00000151023.16	53	50	3
ENSG00000185875.12	617	610	7
ENSG00000231422.2	2	1	1
ENSG00000233642.1	0	0	2
ENSG00000151025.10	5	6	0
ENSG00000274242.1	0	0	0
ENSG00000222543.1	0	0	0
ENSG00000227465.1	0	0	0
ENSG00000280809.3	3	2	1
ENSG00000271563.1	0	0	0
ENSG00000223019.1	0	0	0
ENSG00000251711.1	0	0	0
ENSG00000226304.1	0	0	0
ENSG00000095777.15	0	0	0
ENSG00000136750.12	0	0	0
ENSG00000284951.1	1	1	0
ENSG00000077420.15	760	751	9
ENSG00000199733.1	1	1	0
ENSG00000236894.3	0	0	0
ENSG00000233261.3	1	1	0
ENSG00000234296.1	0	0	0
ENSG00000231976.8	1	1	0
ENSG00000227932.2	0	0	0
ENSG00000279212.1	3	2	4
ENSG00000148459.15	872	933	11
ENSG00000234788.1	2	2	0
ENSG00000235843.1	0	0	0
ENSG00000136754.17	3629	3613	85
ENSG00000223027.1	0	0	0
ENSG00000206605.1	0	0	0
ENSG00000283709.1	69	69	0
ENSG00000107890.16	1004	990	14
ENSG00000199855.1	0	0	0
ENSG00000136758.18	13602	13383	342
ENSG00000120539.14	2404	2430	97
ENSG00000252639.1	1	1	0
ENSG00000107897.18	3891	3834	57
ENSG00000251839.1	0	0	0
ENSG00000262412.1	2	3	8
ENSG00000230445.4	41	44	6
ENSG00000238021.6	2	2	0
ENSG00000278830.1	0	0	0
ENSG00000200369.1	0	0	0
ENSG00000215409.4	0	0	0
ENSG00000207135.1	0	0	0
ENSG00000260151.1	0	0	0
ENSG00000213770.3	2	2	0
ENSG00000237956.1	0	0	0
ENSG00000182077.11	0	0	0
ENSG00000099246.16	6233	6169	64
ENSG00000285737.1	2	2	0
ENSG00000150051.13	0	0	0
ENSG00000230500.1	0	0	0
ENSG00000251810.1	0	0	0
ENSG00000169126.15	2	2	0
ENSG00000226016.1	0	0	0
ENSG00000233472.1	0	0	0
ENSG00000226395.1	0	0	0
ENSG00000150054.18	6	6	0
ENSG00000275036.1	0	0	0
ENSG00000282996.1	0	0	0
ENSG00000237746.1	0	0	0
ENSG00000222666.2	0	0	0
ENSG00000237128.1	0	0	0
ENSG00000224439.2	0	0	0
ENSG00000222705.1	0	0	0
ENSG00000254635.5	1638	1707	21
ENSG00000095787.21	7470	7312	250
ENSG00000252401.1	0	0	0
ENSG00000231911.1	0	0	0
ENSG00000207483.1	0	0	0
ENSG00000095739.10	1575	1571	4
ENSG00000232624.7	3	3	0
ENSG00000236716.1	0	0	0
ENSG00000201001.1	0	0	0
ENSG00000235824.4	0	0	2
ENSG00000271220.2	0	0	0
ENSG00000199402.1	0	0	0
ENSG00000229605.5	2	2	0
ENSG00000120563.9	0	0	0
ENSG00000224597.10	1289	2081	258
ENSG00000274985.1	0	4	743
ENSG00000197321.14	2193	2348	148
ENSG00000207612.1	0	0	0
ENSG00000212411.1	0	0	0
ENSG00000216035.1	0	0	0
ENSG00000225976.5	797	794	3
ENSG00000222092.1	1	0	1
ENSG00000237936.1	0	0	0
ENSG00000165757.8	1823	1809	14
ENSG00000200887.1	0	0	0
ENSG00000230125.1	1	1	0
ENSG00000259994.1	57	57	0
ENSG00000107951.14	1878	1944	8
ENSG00000285824.1	0	0	74
ENSG00000250833.1	1	0	1
ENSG00000241621.1	0	0	0
ENSG00000239625.3	0	0	0
ENSG00000284277.1	0	0	0
ENSG00000214434.2	0	0	0
ENSG00000235679.1	0	0	0
ENSG00000224473.1	0	0	0
ENSG00000107968.9	1731	1718	13
ENSG00000213778.2	0	0	0
ENSG00000228800.1	1	0	1
ENSG00000239744.3	0	0	0
ENSG00000230298.1	0	0	0
ENSG00000285630.1	0	0	0
ENSG00000151033.9	0	0	0
ENSG00000234814.8	15	13	2
ENSG00000230720.1	0	0	0
ENSG00000183621.15	274	272	2
ENSG00000272914.1	5	5	0
ENSG00000237135.1	4	4	0
ENSG00000272381.1	0	0	0
ENSG00000237036.4	134	183	6
ENSG00000252479.1	0	0	0
ENSG00000148516.21	1699	1661	93
ENSG00000230397.1	232	232	0
ENSG00000285781.1	0	0	0
ENSG00000223834.3	3	1	2
ENSG00000231855.1	0	0	0
ENSG00000237797.1	0	0	0
ENSG00000222412.1	0	0	0
ENSG00000165322.17	3561	3497	64
ENSG00000231148.1	0	0	0
ENSG00000230240.1	0	0	0
ENSG00000239731.3	1	0	1
ENSG00000170759.10	17463	17316	147
ENSG00000206660.1	1	1	0
ENSG00000234335.1	11	11	0
ENSG00000235113.1	0	0	0
ENSG00000234811.1	0	0	0
ENSG00000252482.1	0	0	0
ENSG00000217094.2	5681	5672	9
ENSG00000233190.1	2	2	0
ENSG00000227253.3	1	0	339
ENSG00000120616.15	1030	1522	7
ENSG00000226842.1	2	0	8
ENSG00000233825.1	1	1	155
ENSG00000229327.1	3	0	3
ENSG00000200484.1	0	0	0
ENSG00000216937.13	137	147	199
ENSG00000231245.2	7	202	12
ENSG00000273038.2	458	456	2
ENSG00000150093.18	142548	141282	1290
ENSG00000228816.1	14	0	14
ENSG00000229656.6	488	509	1
ENSG00000234163.1	0	0	0
ENSG00000265319.2	1	0	1
ENSG00000229878.1	0	0	0
ENSG00000235962.5	5	5	0
ENSG00000233387.1	2	0	2
ENSG00000099250.17	14928	17111	410
ENSG00000238258.1	1	148	2446
ENSG00000244356.3	0	0	0
ENSG00000273012.1	2	2	0
ENSG00000226412.1	0	0	0
ENSG00000203565.2	1	1	0
ENSG00000261683.1	0	0	0
ENSG00000226407.1	0	0	0
ENSG00000223470.3	0	0	0
ENSG00000148498.15	10008	9878	133
ENSG00000199200.2	0	0	0
ENSG00000234167.1	0	0	0
ENSG00000229235.1	0	0	0
ENSG00000215184.2	0	0	0
ENSG00000226386.1	14	17	0
ENSG00000232525.1	0	0	0
ENSG00000223047.1	0	0	0
ENSG00000222909.1	0	0	0
ENSG00000213724.4	0	0	0
ENSG00000283000.1	0	0	0
ENSG00000108094.14	3039	3018	21
ENSG00000266228.1	0	0	0
ENSG00000230534.6	2	4	113
ENSG00000095794.19	1334	1438	11
ENSG00000253054.1	0	0	0
ENSG00000233343.1	0	0	0
ENSG00000269952.1	10	10	0
ENSG00000233200.1	0	0	0
ENSG00000253070.1	1	1	0
ENSG00000108100.17	2984	2969	15
ENSG00000200097.1	0	0	0
ENSG00000271335.5	59	58	1
ENSG00000273312.2	0	0	1
ENSG00000177291.3	0	0	0
ENSG00000177283.7	1419	1418	1
ENSG00000284265.1	0	0	0
ENSG00000226646.1	0	0	0
ENSG00000280719.1	2	2	0
ENSG00000227313.1	0	0	0
ENSG00000227475.1	0	0	0
ENSG00000236626.1	0	0	0
ENSG00000228694.1	0	0	0
ENSG00000237002.6	0	0	0
ENSG00000274458.1	0	0	0
ENSG00000229644.6	6340	6142	198
ENSG00000207271.1	0	0	0
ENSG00000238176.1	0	0	0
ENSG00000233533.1	0	0	0
ENSG00000225355.1	2	1	1
ENSG00000148513.17	101	100	1
ENSG00000206796.1	0	0	0
ENSG00000234918.1	6	6	0
ENSG00000235687.9	42	42	0
ENSG00000244402.3	1	1	0
ENSG00000252621.1	0	0	0
ENSG00000237970.1	3	3	0
ENSG00000236313.1	3	3	0
ENSG00000224920.1	2	2	0
ENSG00000225276.1	0	0	0
ENSG00000256892.2	0	0	0
ENSG00000226578.1	0	0	0
ENSG00000198105.13	881	907	12
ENSG00000260137.1	0	0	0
ENSG00000225192.1	1	1	0
ENSG00000228828.1	5	5	0
ENSG00000236514.1	3	6	35
ENSG00000151963.4	0	0	0
ENSG00000235197.1	0	0	0
ENSG00000175395.15	365	365	0
ENSG00000226447.1	0	0	0
ENSG00000206840.1	0	0	0
ENSG00000189180.15	1943	1934	9
ENSG00000252132.1	2	0	2
ENSG00000275675.1	2	0	2
ENSG00000226086.5	19	19	0
ENSG00000235964.1	0	0	0
ENSG00000075407.18	2051	2006	45
ENSG00000283930.1	28	28	0
ENSG00000272983.1	4	4	0
ENSG00000225965.1	0	0	0
ENSG00000224761.4	0	0	0
ENSG00000226113.1	0	0	0
ENSG00000234941.1	0	0	0
ENSG00000099251.14	152	152	0
ENSG00000120555.13	29	28	1
ENSG00000276805.2	425	424	1
ENSG00000222314.1	0	0	0
ENSG00000228882.1	22	0	25
ENSG00000203496.9	21	22	2
ENSG00000215151.4	0	0	0
ENSG00000277133.1	6	6	0
ENSG00000225638.1	0	0	0
ENSG00000233867.2	0	0	0
ENSG00000227264.3	0	0	0
ENSG00000234541.2	0	0	0
ENSG00000227679.1	0	0	0
ENSG00000233832.1	0	0	0
ENSG00000229485.1	0	0	0
ENSG00000237592.2	0	0	0
ENSG00000271650.1	0	0	0
ENSG00000274167.4	0	0	0
ENSG00000228755.1	0	0	0
ENSG00000215146.5	0	0	0
ENSG00000182632.15	0	0	0
ENSG00000279239.1	0	0	0
ENSG00000185904.11	1	1	0
ENSG00000234420.7	1091	1078	13
ENSG00000270762.1	0	0	0
ENSG00000233837.1	128	128	0
ENSG00000196693.14	723	860	9
ENSG00000277479.1	1	0	1
ENSG00000272319.2	0	0	0
ENSG00000272387.2	1	0	1
ENSG00000251783.1	0	0	0
ENSG00000285884.1	5	8	143
ENSG00000232109.1	0	0	0
ENSG00000233515.1	0	0	0
ENSG00000231009.1	0	0	0
ENSG00000234864.1	0	0	0
ENSG00000230425.1	1	1	0
ENSG00000270552.1	0	0	0
ENSG00000259869.2	3	3	0
ENSG00000165733.7	6837	6750	90
ENSG00000252416.1	0	0	3
ENSG00000234944.1	0	0	0
ENSG00000229630.1	0	0	0
ENSG00000263795.1	0	0	0
ENSG00000165731.18	29	29	0
ENSG00000273008.1	22	19	3
ENSG00000169826.7	1526	1478	48
ENSG00000198915.11	221	218	3
ENSG00000224265.1	3	3	0
ENSG00000285712.1	8	8	0
ENSG00000221468.1	0	0	0
ENSG00000150201.14	1	1	0
ENSG00000169813.16	19924	19842	82
ENSG00000221400.2	0	0	0
ENSG00000230555.2	146	146	0
ENSG00000243660.9	148	144	4
ENSG00000252532.1	0	0	0
ENSG00000236114.1	1	1	0
ENSG00000196793.13	342	336	6
ENSG00000232004.1	146	146	0
ENSG00000198298.12	160	159	1
ENSG00000223910.1	1	1	0
ENSG00000237389.1	0	0	0
ENSG00000238263.1	0	0	0
ENSG00000169740.13	442	754	7
ENSG00000226245.1	8	0	116
ENSG00000230565.1	50	1	260
ENSG00000228426.1	0	0	0
ENSG00000271173.1	0	0	0
ENSG00000224162.1	0	0	0
ENSG00000223746.1	1	1	0
ENSG00000234973.5	0	0	0
ENSG00000226790.3	260	212	48
ENSG00000226808.2	0	0	0
ENSG00000236769.2	0	0	0
ENSG00000227029.1	0	0	0
ENSG00000233395.1	0	0	0
ENSG00000237590.1	0	0	0
ENSG00000229116.2	0	0	0
ENSG00000277288.4	0	0	0
ENSG00000107562.16	12	12	0
ENSG00000214089.3	7	7	0
ENSG00000270767.1	37	37	0
ENSG00000234580.1	0	0	0
ENSG00000227395.1	0	0	0
ENSG00000224812.2	0	1	0
ENSG00000234504.2	0	0	0
ENSG00000187783.11	0	0	0
ENSG00000223462.2	1	0	1
ENSG00000273363.1	6	12	0
ENSG00000107551.20	148	158	9
ENSG00000165507.8	28	24	15
ENSG00000165511.6	7	5	3
ENSG00000165512.4	384	835	4
ENSG00000226937.9	6	2	458
ENSG00000277757.4	0	0	0
ENSG00000270258.1	0	0	0
ENSG00000228462.1	2	2	0
ENSG00000232554.8	0	0	0
ENSG00000235690.2	0	0	0
ENSG00000243349.2	0	0	0
ENSG00000236442.1	0	0	0
ENSG00000230501.1	0	0	0
ENSG00000263476.1	0	0	0
ENSG00000227683.1	0	0	0
ENSG00000275312.1	0	0	0
ENSG00000278531.1	0	0	0
ENSG00000207071.1	0	0	0
ENSG00000234993.1	0	0	0
ENSG00000224402.2	4	2	2
ENSG00000256574.7	0	0	0
ENSG00000012779.10	7	6	1
ENSG00000231964.1	0	0	0
ENSG00000165406.15	1429	1425	4
ENSG00000172671.19	270	268	2
ENSG00000230869.1	32	30	2
ENSG00000237840.6	30	29	25
ENSG00000228702.1	2	2	0
ENSG00000172661.18	1740	1733	31
ENSG00000270434.1	0	0	0
ENSG00000231122.5	0	0	0
ENSG00000188234.13	136	136	0
ENSG00000239883.8	234	232	2
ENSG00000239152.1	1	0	1
ENSG00000264217.2	0	0	0
ENSG00000265354.3	5428	5411	18
ENSG00000265733.1	0	0	0
ENSG00000266412.5	8954	8795	160
ENSG00000263639.5	0	0	0
ENSG00000280012.2	4	4	0
ENSG00000264204.2	0	0	0
ENSG00000263482.3	2	1	1
ENSG00000274209.4	23	23	0
ENSG00000279058.2	2	2	0
ENSG00000273225.4	0	0	0
ENSG00000279458.2	6	6	0
ENSG00000264230.8	948	945	3
ENSG00000285402.1	18	11	7
ENSG00000285294.1	801	799	2
ENSG00000213412.3	125	124	1
ENSG00000204174.7	1224	1206	18
ENSG00000204175.5	2475	2470	5
ENSG00000204176.13	114	25	89
ENSG00000231187.2	36	84	1
ENSG00000229227.8	0	0	49
ENSG00000165874.13	0	0	0
ENSG00000272430.1	33	0	131
ENSG00000229927.2	2	6	0
ENSG00000274186.1	0	0	0
ENSG00000285662.1	0	0	0
ENSG00000280913.2	0	0	1
ENSG00000265366.6	1	9	1
ENSG00000215097.3	0	0	0
ENSG00000204177.10	126	126	8
ENSG00000238405.1	2	0	2
ENSG00000243289.1	1	1	0
ENSG00000150175.13	6	6	0
ENSG00000204179.10	308	307	1
ENSG00000266524.2	15	15	0
ENSG00000263761.2	0	0	0
ENSG00000265203.1	5	0	5
ENSG00000265763.3	1003	1000	3
ENSG00000265190.6	767	762	5
ENSG00000270369.1	0	0	0
ENSG00000189090.7	0	0	0
ENSG00000224919.1	0	0	29
ENSG00000204172.12	157	186	0
ENSG00000254929.6	7	2	5
ENSG00000252877.1	0	0	0
ENSG00000251079.6	24	24	0
ENSG00000265630.2	5	5	0
ENSG00000215065.3	2	2	0
ENSG00000266217.2	0	0	0
ENSG00000264404.2	0	0	0
ENSG00000189014.7	5	5	0
ENSG00000276544.1	0	0	0
ENSG00000226964.1	150	150	0
ENSG00000277758.4	125	67	58
ENSG00000276850.4	1640	1634	6
ENSG00000264717.5	539	536	3
ENSG00000273760.1	1226	1226	0
ENSG00000276430.2	0	0	0
ENSG00000265018.6	32	32	0
ENSG00000252149.1	0	0	0
ENSG00000270025.2	8	8	0
ENSG00000278561.1	2	2	0
ENSG00000170324.20	3	3	0
ENSG00000285786.1	0	0	0
ENSG00000225482.1	0	0	0
ENSG00000107643.16	1799	1785	15
ENSG00000279822.1	9	9	0
ENSG00000128805.14	250	246	5
ENSG00000248682.1	0	0	0
ENSG00000231906.1	0	0	0
ENSG00000251413.1	0	0	0
ENSG00000236800.1	0	0	0
ENSG00000128815.19	0	0	0
ENSG00000228754.1	1	0	1
ENSG00000228403.1	0	0	0
ENSG00000241577.1	0	0	0
ENSG00000165383.11	0	0	0
ENSG00000233665.8	0	0	0
ENSG00000226576.1	0	0	6
ENSG00000264800.1	0	0	0
ENSG00000165633.12	73	79	0
ENSG00000234736.5	0	0	0
ENSG00000172538.6	0	0	0
ENSG00000204161.13	0	0	0
ENSG00000236208.1	0	0	0
ENSG00000177354.11	0	0	0
ENSG00000165606.8	0	0	0
ENSG00000235939.1	0	0	0
ENSG00000225830.12	934	920	14
ENSG00000271237.1	0	0	0
ENSG00000070748.18	0	0	0
ENSG00000187714.6	0	0	0
ENSG00000178645.12	0	0	0
ENSG00000197444.9	23	23	0
ENSG00000226389.3	15	15	0
ENSG00000229870.1	1	0	1
ENSG00000227345.8	2119	2111	10
ENSG00000230166.1	0	0	0
ENSG00000204152.10	520	515	7
ENSG00000223111.1	0	0	0
ENSG00000178440.5	12	17	0
ENSG00000222108.1	3	0	3
ENSG00000285803.1	13	1	85
ENSG00000204149.10	423	480	5
ENSG00000235618.8	10	13	0
ENSG00000226631.1	0	0	0
ENSG00000099290.16	871	850	23
ENSG00000233011.1	0	0	0
ENSG00000188611.14	32	32	0
ENSG00000225137.1	1554	1548	6
ENSG00000198964.13	1915	1911	23
ENSG00000279863.1	14	0	14
ENSG00000225303.2	0	0	0
ENSG00000238523.1	0	0	0
ENSG00000226200.6	87	119	12
ENSG00000231588.1	0	3	22
ENSG00000231345.3	373	0	373
ENSG00000232706.3	0	0	0
ENSG00000226168.1	0	0	0
ENSG00000230011.2	0	0	0
ENSG00000213667.3	5	5	0
ENSG00000204147.10	331	326	8
ENSG00000148584.14	38	38	3
ENSG00000229711.1	0	0	0
ENSG00000236944.1	0	0	0
ENSG00000261368.1	0	0	0
ENSG00000185532.16	5	0	9
ENSG00000223502.1	0	0	0
ENSG00000231132.1	0	0	0
ENSG00000207813.1	0	0	0
ENSG00000235279.1	0	0	0
ENSG00000213659.4	0	0	0
ENSG00000177613.8	2808	2763	45
ENSG00000236671.8	55	59	1486
ENSG00000107984.9	4828	6293	21
ENSG00000213657.3	0	0	0
ENSG00000227972.1	12	12	0
ENSG00000231131.7	563	516	47
ENSG00000165471.6	0	0	0
ENSG00000201196.1	0	0	0
ENSG00000285958.1	0	0	0
ENSG00000227121.1	0	0	0
ENSG00000231399.1	0	0	0
ENSG00000226296.1	0	0	0
ENSG00000252161.1	0	0	0
ENSG00000233805.1	0	0	0
ENSG00000150275.18	0	0	0
ENSG00000252252.1	0	0	0
ENSG00000234173.1	0	0	0
ENSG00000224697.1	0	0	0
ENSG00000221594.1	0	0	0
ENSG00000236958.1	0	0	0
ENSG00000236744.2	0	0	0
ENSG00000223800.1	0	0	0
ENSG00000228048.1	0	0	0
ENSG00000249860.3	0	0	0
ENSG00000236993.2	0	0	0
ENSG00000270541.1	0	0	0
ENSG00000122952.16	6365	6337	28
ENSG00000238707.1	0	0	0
ENSG00000264747.1	0	0	0
ENSG00000235810.1	0	0	0
ENSG00000223841.1	0	0	0
ENSG00000270192.1	0	0	0
ENSG00000232115.1	1	1	0
ENSG00000151151.5	691	678	14
ENSG00000180221.6	1	1	0
ENSG00000122873.11	1925	1922	4
ENSG00000228527.1	4	4	0
ENSG00000261076.1	0	0	0
ENSG00000072401.14	1611	1600	11
ENSG00000108064.10	5520	5463	57
ENSG00000122870.11	10618	10544	74
ENSG00000183055.5	46	44	2
ENSG00000252076.1	0	0	0
ENSG00000237949.1	0	0	0
ENSG00000226888.2	0	0	0
ENSG00000226557.1	8	8	0
ENSG00000165443.11	39	46	1
ENSG00000148541.12	3	4	7
ENSG00000236556.1	0	0	0
ENSG00000235469.1	0	0	0
ENSG00000235140.2	0	0	0
ENSG00000165449.11	5	5	0
ENSG00000227877.6	2	0	2
ENSG00000108091.10	4447	4427	20
ENSG00000235931.2	0	0	0
ENSG00000151150.21	43	54	0
ENSG00000232682.2	0	0	6
ENSG00000202190.1	0	0	0
ENSG00000282121.1	0	0	5
ENSG00000122872.8	0	0	0
ENSG00000254271.1	0	0	0
ENSG00000170312.15	6610	6562	48
ENSG00000072422.16	803	797	6
ENSG00000223107.1	0	0	0
ENSG00000227244.2	0	0	0
ENSG00000196932.11	2	3	1
ENSG00000237233.2	0	1	1
ENSG00000183346.7	17	16	1
ENSG00000272592.1	0	0	0
ENSG00000233643.2	0	0	0
ENSG00000150347.15	128	128	0
ENSG00000182010.10	267	265	2
ENSG00000234756.1	0	0	0
ENSG00000240940.3	0	0	0
ENSG00000138311.16	95	95	0
ENSG00000285837.1	0	0	0
ENSG00000285551.1	0	0	0
ENSG00000238280.2	3	4	367
ENSG00000234489.1	0	0	0
ENSG00000181915.4	2073	2436	5
ENSG00000122877.15	2	2	0
ENSG00000199446.1	0	0	0
ENSG00000224301.1	0	0	0
ENSG00000148572.15	1148	1142	6
ENSG00000171988.18	2325	2308	45
ENSG00000234369.1	128	127	1
ENSG00000270421.1	0	0	0
ENSG00000221063.3	0	0	0
ENSG00000235816.3	8	8	0
ENSG00000272767.1	31	46	13
ENSG00000224412.1	0	0	0
ENSG00000165476.13	3372	3355	17
ENSG00000232075.1	3	0	3
ENSG00000270352.1	0	0	0
ENSG00000228566.1	0	0	0
ENSG00000213609.3	548	547	1
ENSG00000226426.1	0	0	0
ENSG00000235489.4	195	194	1
ENSG00000233900.1	0	0	0
ENSG00000270648.1	0	0	0
ENSG00000216740.2	22	22	0
ENSG00000224714.2	0	0	0
ENSG00000270754.1	0	0	0
ENSG00000282906.1	0	0	0
ENSG00000227173.1	0	0	0
ENSG00000233724.1	0	0	0
ENSG00000235356.2	0	0	0
ENSG00000228065.10	146	146	0
ENSG00000183230.16	0	0	0
ENSG00000273360.1	0	0	0
ENSG00000277056.1	0	0	0
ENSG00000198739.10	0	0	0
ENSG00000225299.1	0	0	0
ENSG00000226448.1	0	0	0
ENSG00000276866.1	0	0	0
ENSG00000213606.3	1651	1639	12
ENSG00000225922.1	0	0	0
ENSG00000108176.14	637	640	1
ENSG00000212520.1	0	0	0
ENSG00000239942.2	0	0	0
ENSG00000237141.1	0	0	0
ENSG00000272892.1	21	16	9
ENSG00000252113.2	0	0	0
ENSG00000219932.6	525	520	5
ENSG00000096717.11	2360	2319	41
ENSG00000148634.15	6785	6712	73
ENSG00000226318.1	11	11	0
ENSG00000266467.2	0	0	0
ENSG00000236375.3	0	0	0
ENSG00000138347.15	421	418	3
ENSG00000222371.1	1	1	0
ENSG00000179774.8	9	9	0
ENSG00000233590.1	0	0	0
ENSG00000234102.1	0	0	0
ENSG00000108187.15	475	314	171
ENSG00000096746.17	18688	21739	728
ENSG00000204130.13	1140	1171	3738
ENSG00000138346.14	1862	1850	12
ENSG00000234806.1	16	10	6
ENSG00000199638.1	0	0	0
ENSG00000122912.14	752	748	4
ENSG00000226493.1	7	5	2
ENSG00000207438.1	0	0	0
ENSG00000214881.4	112	112	0
ENSG00000138336.8	151	150	1
ENSG00000213025.2	158	154	4
ENSG00000227583.1	0	0	0
ENSG00000260400.1	12	12	0
ENSG00000270494.1	0	0	0
ENSG00000060339.13	9381	9087	294
ENSG00000195401.2	0	0	0
ENSG00000283551.1	0	0	0
ENSG00000221184.1	64	64	0
ENSG00000165730.15	92	92	0
ENSG00000200218.1	0	0	0
ENSG00000285871.1	1	0	1
ENSG00000107625.12	2893	2864	29
ENSG00000206855.1	1	0	1
ENSG00000165732.12	23427	23034	393
ENSG00000198954.7	3150	3134	16
ENSG00000214875.2	1	1	0
ENSG00000229001.1	2	2	0
ENSG00000122862.4	2713	2704	9
ENSG00000274008.1	4	4	0
ENSG00000122958.14	4564	4511	53
ENSG00000233163.1	0	0	0
ENSG00000156502.13	2050	2035	15
ENSG00000229261.1	25	22	3
ENSG00000156510.12	3680	3915	44
ENSG00000231748.1	5	0	284
ENSG00000156515.23	6665	6474	191
ENSG00000229197.1	0	0	0
ENSG00000075073.14	12	6	6
ENSG00000232734.1	1	1	0
ENSG00000099282.9	3226	3212	14
ENSG00000233197.1	0	0	0
ENSG00000122859.4	1	0	1
ENSG00000236154.1	1	1	0
ENSG00000230755.1	0	0	0
ENSG00000235803.1	0	0	0
ENSG00000235524.1	0	0	0
ENSG00000231152.1	0	0	0
ENSG00000226794.1	0	0	0
ENSG00000171224.8	737	725	12
ENSG00000235645.2	0	0	0
ENSG00000230469.1	0	0	0
ENSG00000197467.14	19	19	0
ENSG00000224222.1	2	2	0
ENSG00000099284.13	1862	1839	28
ENSG00000042286.14	4371	4343	33
ENSG00000156521.13	2339	2325	14
ENSG00000079332.14	6312	6289	23
ENSG00000229097.1	281	258	23
ENSG00000232142.1	1	1	0
ENSG00000180817.11	9490	9466	24
ENSG00000148734.7	0	0	0
ENSG00000172731.13	1783	1780	3
ENSG00000224725.3	27	27	0
ENSG00000148730.6	3410	3405	5
ENSG00000156574.9	2	1	6
ENSG00000280401.1	5	9	1
ENSG00000107719.8	1032	1030	2
ENSG00000230661.1	0	0	0
ENSG00000180644.7	3	0	3
ENSG00000138316.10	26	26	0
ENSG00000166220.12	0	0	0
ENSG00000231366.1	0	0	0
ENSG00000166224.16	5899	5851	48
ENSG00000166228.8	7078	7062	16
ENSG00000285300.1	0	0	0
ENSG00000271409.1	0	0	0
ENSG00000259267.2	0	0	0
ENSG00000107731.12	50	49	1
ENSG00000237512.6	0	0	0
ENSG00000198246.8	826	823	3
ENSG00000279406.1	84	84	0
ENSG00000107736.20	229	179	60
ENSG00000223817.1	0	0	0
ENSG00000214688.5	1	2	9
ENSG00000107738.19	2362	2358	4
ENSG00000274824.1	0	0	0
ENSG00000197746.13	57506	57309	197
ENSG00000238446.1	0	0	0
ENSG00000230526.1	10	10	0
ENSG00000122863.5	6158	6134	24
ENSG00000272988.1	0	0	0
ENSG00000107742.12	151	148	3
ENSG00000138303.17	2996	2950	1727
ENSG00000200294.1	0	0	0
ENSG00000226701.1	13	12	1
ENSG00000166295.8	3468	5117	32
ENSG00000200170.1	3	3	0
ENSG00000168209.4	4522	13125	83
ENSG00000269926.1	0	76	8610
ENSG00000148719.14	3007	3000	7
ENSG00000107745.18	3895	3873	22
ENSG00000202513.1	0	0	0
ENSG00000282915.1	0	0	0
ENSG00000276531.1	0	0	0
ENSG00000226163.1	0	0	0
ENSG00000230609.1	0	0	0
ENSG00000272536.2	0	0	0
ENSG00000231471.1	0	0	0
ENSG00000238215.1	0	0	0
ENSG00000201881.1	0	0	0
ENSG00000156026.14	3610	3597	13
ENSG00000266719.1	0	0	0
ENSG00000280166.1	0	0	0
ENSG00000279502.1	0	0	0
ENSG00000272627.1	4	4	0
ENSG00000138315.12	5	5	0
ENSG00000215086.2	1217	1201	16
ENSG00000138308.5	0	0	0
ENSG00000213700.3	45	45	0
ENSG00000122884.12	1845	1972	14
ENSG00000232646.1	0	0	0
ENSG00000237768.2	1	0	142
ENSG00000201047.1	0	0	0
ENSG00000272630.1	10	10	0
ENSG00000166321.13	255	249	178
ENSG00000272599.2	50	185	35
ENSG00000221164.1	113	108	5
ENSG00000122882.10	2600	2588	15
ENSG00000138286.14	954	615	3531
ENSG00000213551.4	2438	5625	79
ENSG00000199201.1	0	0	0
ENSG00000227382.1	4	4	0
ENSG00000236756.4	1	8	857
ENSG00000182180.13	7027	7763	22
ENSG00000227540.1	54	93	3
ENSG00000156042.17	59	60	43
ENSG00000200356.1	0	0	0
ENSG00000207473.1	0	0	0
ENSG00000138279.15	5794	7473	18
ENSG00000233144.1	4	6	1695
ENSG00000229659.1	227	227	1
ENSG00000166343.9	54	54	0
ENSG00000107758.15	2213	2231	44
ENSG00000221817.9	204	313	343
ENSG00000166348.18	1078	1334	145
ENSG00000207327.1	1	1	0
ENSG00000237139.1	0	0	0
ENSG00000268584.1	58	55	16
ENSG00000272791.1	14	14	0
ENSG00000177791.11	0	0	0
ENSG00000166317.11	2	2	0
ENSG00000271848.1	0	0	11
ENSG00000172650.13	15	14	1
ENSG00000242288.9	0	0	0
ENSG00000271816.1	25	25	0
ENSG00000272140.2	19	19	0
ENSG00000252072.1	0	0	0
ENSG00000242338.6	41	40	1
ENSG00000250959.2	71	74	3
ENSG00000235316.1	45	45	0
ENSG00000270808.1	17	0	17
ENSG00000279088.1	538	507	39
ENSG00000176986.15	4592	8584	57
ENSG00000279689.1	53	49	4254
ENSG00000196968.10	784	982	8
ENSG00000172586.7	2374	2371	3
ENSG00000214655.10	2168	2826	229
ENSG00000280238.1	0	0	0
ENSG00000272589.1	0	2	13
ENSG00000272916.5	0	7	105
ENSG00000166507.17	31	30	1
ENSG00000148660.20	2551	2848	16
ENSG00000224195.1	24	0	335
ENSG00000229990.3	2	0	3
ENSG00000122861.15	4125	6956	39
ENSG00000222047.8	43	48	2865
ENSG00000035403.17	28336	28204	363
ENSG00000225761.1	0	0	0
ENSG00000185009.12	4835	4969	97
ENSG00000156110.13	1955	1951	5
ENSG00000236900.1	0	0	0
ENSG00000214629.3	23	23	0
ENSG00000213731.2	0	0	0
ENSG00000232342.7	1	0	10
ENSG00000226253.1	0	0	0
ENSG00000206756.1	0	0	0
ENSG00000271710.1	0	0	0
ENSG00000214626.2	2	2	0
ENSG00000213525.3	0	0	0
ENSG00000272748.1	0	0	0
ENSG00000156650.13	1546	1567	51
ENSG00000234149.1	0	1	69
ENSG00000227186.1	0	1	1
ENSG00000188716.5	0	0	0
ENSG00000285810.1	0	0	0
ENSG00000237882.1	21	21	0
ENSG00000079393.20	1	1	0
ENSG00000156671.13	2320	2309	11
ENSG00000232437.1	0	0	0
ENSG00000165637.13	13498	13391	107
ENSG00000165644.10	1016	1012	4
ENSG00000227271.1	0	0	0
ENSG00000226051.7	0	0	0
ENSG00000233313.2	1	1	0
ENSG00000270087.5	0	0	0
ENSG00000223428.1	0	0	0
ENSG00000236797.1	2	2	0
ENSG00000165655.16	1101	1172	27
ENSG00000237149.5	203	209	98
ENSG00000273248.1	1	10	3
ENSG00000272692.1	19	18	11
ENSG00000236842.1	3	2	3
ENSG00000148655.14	94	97	1
ENSG00000279814.1	0	0	0
ENSG00000207583.1	0	0	0
ENSG00000268659.2	0	0	0
ENSG00000228280.1	1	1	0
ENSG00000265486.2	0	0	0
ENSG00000201954.1	0	0	0
ENSG00000278992.1	0	0	0
ENSG00000230575.1	0	0	0
ENSG00000269256.1	0	0	2
ENSG00000252888.1	0	0	0
ENSG00000224948.1	0	0	0
ENSG00000156113.22	3274	3556	13
ENSG00000236467.8	1	0	296
ENSG00000225497.5	0	0	0
ENSG00000224500.1	0	0	0
ENSG00000225652.1	0	0	0
ENSG00000228092.1	0	0	0
ENSG00000199592.1	0	0	0
ENSG00000213514.2	108	89	19
ENSG00000277981.1	3	0	3
ENSG00000199664.1	1	1	0
ENSG00000213513.3	29	29	0
ENSG00000228748.2	27	9	1631
ENSG00000151208.16	4705	6388	36
ENSG00000204049.1	0	0	103
ENSG00000243446.3	0	0	0
ENSG00000233871.2	43	45	1
ENSG00000234612.1	1	1	0
ENSG00000274686.1	0	0	0
ENSG00000148606.12	2647	2635	12
ENSG00000138326.19	65565	65285	280
ENSG00000231957.2	0	0	0
ENSG00000283096.1	0	0	0
ENSG00000282863.1	0	0	0
ENSG00000230417.11	6	6	0
ENSG00000229543.1	0	0	0
ENSG00000230229.1	0	0	0
ENSG00000201393.1	0	0	0
ENSG00000282952.1	0	0	0
ENSG00000228683.1	0	0	0
ENSG00000224596.7	83	46	38
ENSG00000229569.1	0	0	0
ENSG00000108175.16	7657	7586	72
ENSG00000108179.13	6437	6418	19
ENSG00000165424.6	793	829	2
ENSG00000235426.2	0	0	38
ENSG00000259021.2	0	0	0
ENSG00000241317.1	0	0	0
ENSG00000235705.6	0	0	0
ENSG00000253626.3	4633	4590	43
ENSG00000271985.1	0	0	0
ENSG00000232965.1	0	0	0
ENSG00000185303.16	0	0	0
ENSG00000219430.2	0	0	0
ENSG00000225827.1	0	0	0
ENSG00000122852.14	0	0	0
ENSG00000226676.1	0	0	0
ENSG00000244733.5	14	0	14
ENSG00000225484.6	446	678	91
ENSG00000272489.1	0	0	2
ENSG00000280355.1	37	198	0
ENSG00000278616.1	54	0	295
ENSG00000224886.2	0	68	0
ENSG00000188199.10	4	4	1
ENSG00000272447.1	47	135	222
ENSG00000228570.7	9	9	0
ENSG00000214695.3	0	0	0
ENSG00000204437.7	0	0	0
ENSG00000214584.3	22	22	0
ENSG00000283913.1	0	0	2
ENSG00000283101.1	0	0	0
ENSG00000242600.8	0	0	0
ENSG00000133661.15	11	13	0
ENSG00000273372.1	0	0	0
ENSG00000280259.1	0	0	0
ENSG00000235924.1	2	0	2
ENSG00000225100.2	0	0	0
ENSG00000229616.2	0	0	0
ENSG00000224760.4	0	0	0
ENSG00000236217.4	0	0	0
ENSG00000227515.3	0	0	0
ENSG00000230091.6	45	54	142
ENSG00000282432.1	0	0	0
ENSG00000133678.13	509	845	16
ENSG00000279399.1	0	2	199
ENSG00000230171.1	0	0	0
ENSG00000189129.13	8	0	8
ENSG00000122359.17	8930	8899	32
ENSG00000237523.1	559	550	9
ENSG00000234319.1	2	0	2
ENSG00000234382.2	16	16	0
ENSG00000234743.1	133	135	0
ENSG00000279359.1	1	1	0
ENSG00000151224.12	6	5	1
ENSG00000232950.1	0	0	2
ENSG00000235858.1	0	0	0
ENSG00000170788.13	1	0	1
ENSG00000133665.12	1	0	1
ENSG00000122378.13	3294	3268	26
ENSG00000108219.14	12971	12839	155
ENSG00000226659.1	28	41	9
ENSG00000178217.14	9	9	0
ENSG00000231082.1	0	0	0
ENSG00000233353.1	0	0	0
ENSG00000233703.1	0	0	0
ENSG00000231060.1	1	1	0
ENSG00000227209.1	0	0	0
ENSG00000226466.2	0	0	0
ENSG00000185737.12	0	0	0
ENSG00000285739.1	0	0	0
ENSG00000229458.2	0	0	0
ENSG00000225738.2	0	0	0
ENSG00000207275.1	0	0	0
ENSG00000200774.1	0	0	0
ENSG00000234931.1	0	0	0
ENSG00000233945.1	0	0	0
ENSG00000223565.1	0	0	0
ENSG00000212324.1	0	0	0
ENSG00000233258.1	0	0	0
ENSG00000200789.1	0	0	0
ENSG00000212769.5	8	7	1
ENSG00000271933.1	55	9	3239
ENSG00000165678.20	13765	16923	35
ENSG00000285972.1	1	1	0
ENSG00000188373.4	0	0	0
ENSG00000148600.14	11	11	0
ENSG00000204033.9	0	0	0
ENSG00000148602.5	0	0	0
ENSG00000148604.13	0	0	0
ENSG00000229404.5	54	53	1
ENSG00000107771.16	1808	1803	5
ENSG00000233189.1	0	0	0
ENSG00000225423.1	40	40	0
ENSG00000225928.2	0	0	0
ENSG00000178429.9	6494	6482	12
ENSG00000237267.1	0	0	0
ENSG00000223993.1	0	0	0
ENSG00000224504.2	0	0	0
ENSG00000230962.1	0	0	0
ENSG00000279910.1	0	0	0
ENSG00000223064.1	0	0	0
ENSG00000280134.1	0	0	0
ENSG00000234942.2	0	0	0
ENSG00000182771.18	18	20	2
ENSG00000278333.1	0	0	0
ENSG00000270002.1	17	19	2
ENSG00000252292.1	0	0	0
ENSG00000236606.1	0	0	0
ENSG00000200487.1	0	0	0
ENSG00000199104.2	0	0	0
ENSG00000062650.18	3253	3216	39
ENSG00000212332.1	1	0	3
ENSG00000227896.2	98	97	1
ENSG00000230507.5	0	0	0
ENSG00000122375.11	0	0	0
ENSG00000122367.19	23	17	6
ENSG00000272631.1	124	120	9
ENSG00000107779.13	3220	3199	26
ENSG00000270874.1	2	0	2
ENSG00000200176.1	0	0	0
ENSG00000173269.13	5	5	0
ENSG00000281974.1	0	0	0
ENSG00000173267.13	251	251	0
ENSG00000272734.1	165	181	4
ENSG00000148671.13	0	2	34
ENSG00000273413.1	0	0	0
ENSG00000271880.1	1	0	1
ENSG00000240089.2	0	0	0
ENSG00000151303.11	2	2	0
ENSG00000272508.1	0	0	0
ENSG00000261011.1	0	0	0
ENSG00000229969.1	0	0	4
ENSG00000188100.8	0	0	0
ENSG00000271573.1	0	0	0
ENSG00000200253.1	0	0	0
ENSG00000148672.8	6790	8022	54
ENSG00000122376.11	2340	2342	1284
ENSG00000237280.1	0	0	0
ENSG00000273946.1	0	0	0
ENSG00000223482.7	879	852	55
ENSG00000285257.1	20	20	0
ENSG00000184923.12	4	0	9
ENSG00000224914.3	210	231	2
ENSG00000214562.14	21	20	1
ENSG00000237740.1	0	0	0
ENSG00000236417.2	0	0	0
ENSG00000228055.2	0	0	0
ENSG00000231569.1	0	0	0
ENSG00000283672.1	2	0	2
ENSG00000107789.15	2542	2538	4
ENSG00000223761.1	0	0	0
ENSG00000225913.2	16	0	16
ENSG00000196566.2	1	9	427
ENSG00000234192.1	2	2	0
ENSG00000198682.12	4088	4486	40
ENSG00000138138.13	4341	4372	37
ENSG00000223820.5	22	20	67
ENSG00000243782.3	0	0	0
ENSG00000227268.3	104	96	28
ENSG00000171862.10	3572	3565	27
ENSG00000224745.1	5	5	0
ENSG00000213613.2	2	2	0
ENSG00000200891.1	0	0	0
ENSG00000227905.1	0	0	0
ENSG00000275015.1	0	0	0
ENSG00000184719.11	426	366	60
ENSG00000201548.1	0	0	0
ENSG00000204022.9	3	3	0
ENSG00000237205.1	0	0	0
ENSG00000182333.14	0	0	0
ENSG00000271408.1	0	0	0
ENSG00000204021.3	0	0	0
ENSG00000226358.1	0	0	0
ENSG00000204020.5	0	0	0
ENSG00000235150.1	0	0	0
ENSG00000173239.13	1	0	1
ENSG00000152766.5	17	17	0
ENSG00000234256.2	1	0	1
ENSG00000138134.11	2185	2172	13
ENSG00000180139.11	35	41	417
ENSG00000107796.13	411	1036	69
ENSG00000026103.21	1669	1670	270
ENSG00000275693.1	4	4	0
ENSG00000261438.1	27	27	0
ENSG00000265375.1	0	0	0
ENSG00000283664.1	0	0	0
ENSG00000233292.1	1	1	0
ENSG00000138135.6	4	4	0
ENSG00000107798.17	4392	4390	27
ENSG00000119922.9	73	72	2
ENSG00000232110.7	1	2	1
ENSG00000119917.13	158	149	9
ENSG00000224289.1	0	0	0
ENSG00000204010.3	0	0	0
ENSG00000185745.9	157	136	21
ENSG00000152778.8	1114	1108	25
ENSG00000152779.13	7	7	0
ENSG00000234452.5	0	0	0
ENSG00000152782.16	486	485	16
ENSG00000198997.2	0	0	0
ENSG00000249962.1	0	0	0
ENSG00000232936.5	7	23	5
ENSG00000225836.1	3	0	4
ENSG00000235100.3	12	12	0
ENSG00000240996.1	23	23	0
ENSG00000138182.14	3202	3179	23
ENSG00000283578.1	1	1	0
ENSG00000232229.5	0	0	0
ENSG00000270670.1	0	0	0
ENSG00000280560.1	0	0	0
ENSG00000226159.1	0	0	0
ENSG00000228938.3	1	1	0
ENSG00000222451.1	0	0	0
ENSG00000236373.1	0	0	0
ENSG00000224750.6	0	0	0
ENSG00000238291.1	0	0	0
ENSG00000283053.1	0	0	0
ENSG00000148680.15	2	2	0
ENSG00000148688.13	2031	2022	9
ENSG00000222305.1	0	0	0
ENSG00000148677.6	1253	1244	9
ENSG00000201604.1	0	0	0
ENSG00000225519.1	0	0	0
ENSG00000273124.1	0	0	0
ENSG00000224851.2	0	0	0
ENSG00000220585.4	0	0	0
ENSG00000234043.3	3	3	0
ENSG00000180628.14	3334	3328	6
ENSG00000165338.16	642	634	8
ENSG00000271385.1	0	0	0
ENSG00000223876.1	0	0	0
ENSG00000119938.8	1060	1044	16
ENSG00000213449.2	0	0	0
ENSG00000228759.1	0	0	0
ENSG00000228701.1	14	14	0
ENSG00000107854.5	4458	4420	38
ENSG00000180581.7	7434	7416	18
ENSG00000273497.1	0	0	0
ENSG00000174721.9	238	302	22
ENSG00000272817.1	8	15	79
ENSG00000095564.13	3766	3743	23
ENSG00000107864.14	58	54	4
ENSG00000252993.1	0	0	0
ENSG00000214549.2	1	1	0
ENSG00000213484.2	0	0	0
ENSG00000221042.1	0	0	0
ENSG00000105988.6	468	465	3
ENSG00000199881.1	0	0	0
ENSG00000198060.9	2907	2894	13
ENSG00000202297.1	0	0	0
ENSG00000232709.1	12	0	12
ENSG00000119912.16	4606	4583	23
ENSG00000138160.5	6498	6417	81
ENSG00000184111.6	0	0	0
ENSG00000264313.2	0	0	0
ENSG00000236493.2	62	61	1
ENSG00000152804.10	777	775	2
ENSG00000201412.1	0	0	0
ENSG00000138190.16	1813	1804	9
ENSG00000225118.1	0	0	0
ENSG00000226425.1	0	0	0
ENSG00000187553.8	7	7	0
ENSG00000285846.1	0	0	0
ENSG00000279607.1	4	1	3
ENSG00000095596.11	301	301	0
ENSG00000232805.1	0	0	0
ENSG00000237417.1	93	93	0
ENSG00000213432.2	117	116	1
ENSG00000138119.16	36401	36074	328
ENSG00000138180.15	5519	5468	53
ENSG00000212396.1	14	0	14
ENSG00000186188.10	28	27	1
ENSG00000138207.13	245	245	0
ENSG00000095464.9	15	1	14
ENSG00000148690.11	1581	1527	55
ENSG00000108231.12	0	0	0
ENSG00000280660.1	0	0	0
ENSG00000280485.1	0	0	0
ENSG00000227995.1	0	0	0
ENSG00000176273.14	1331	1315	16
ENSG00000180764.13	593	590	3
ENSG00000138193.15	3153	3112	179
ENSG00000232913.8	6	0	6
ENSG00000231575.1	0	0	0
ENSG00000234724.1	10	9	1
ENSG00000206631.1	1	1	0
ENSG00000228553.1	0	0	0
ENSG00000268894.6	7	2	143
ENSG00000273450.1	5	5	0
ENSG00000173145.11	3096	3051	45
ENSG00000108239.8	697	689	8
ENSG00000119969.14	3767	3730	37
ENSG00000244332.1	4	4	0
ENSG00000235746.1	1	0	1
ENSG00000108242.12	1	1	0
ENSG00000276490.1	0	0	0
ENSG00000165841.10	0	0	0
ENSG00000230338.1	0	0	0
ENSG00000235199.1	0	0	0
ENSG00000225354.1	0	0	0
ENSG00000138109.10	9	9	0
ENSG00000233377.1	0	0	0
ENSG00000228460.1	0	0	0
ENSG00000260863.1	0	0	0
ENSG00000237885.1	0	0	0
ENSG00000138115.13	1	1	0
ENSG00000231829.2	1	2	0
ENSG00000274691.1	0	1	0
ENSG00000225533.1	3	3	0
ENSG00000173124.14	3	3	2
ENSG00000234026.1	0	0	0
ENSG00000107438.8	6332	6321	11
ENSG00000095637.22	69	69	0
ENSG00000214362.2	2	2	0
ENSG00000059573.8	5402	5378	24
ENSG00000119977.20	3109	3108	1
ENSG00000138185.19	200	4	196
ENSG00000226688.6	427	552	8
ENSG00000240527.1	192	0	192
ENSG00000270099.1	0	0	0
ENSG00000188649.13	17	5	145
ENSG00000227805.1	0	0	0
ENSG00000107443.15	927	912	15
ENSG00000266407.1	0	0	0
ENSG00000200728.1	0	0	0
ENSG00000177853.14	1936	1917	23
ENSG00000229417.1	23	23	6
ENSG00000095585.16	0	0	4
ENSG00000229418.2	0	0	0
ENSG00000107447.7	2	2	0
ENSG00000197430.10	0	0	0
ENSG00000095587.8	25	25	0
ENSG00000077147.15	15441	15317	124
ENSG00000235677.1	55	55	6
ENSG00000155629.14	217	217	1
ENSG00000202047.1	0	0	0
ENSG00000227032.1	1	1	0
ENSG00000207287.1	0	0	0
ENSG00000236552.2	14720	14546	175
ENSG00000207976.1	0	0	0
ENSG00000196233.13	2346	2331	15
ENSG00000232875.1	1	1	0
ENSG00000187122.16	9	6	3
ENSG00000234855.1	0	0	0
ENSG00000269891.2	4	4	0
ENSG00000213390.10	856	849	7
ENSG00000231398.1	0	0	0
ENSG00000277308.1	0	0	0
ENSG00000237169.1	0	0	0
ENSG00000165879.8	77	77	0
ENSG00000181274.6	265	308	2
ENSG00000225850.3	4	3	46
ENSG00000052749.13	5371	5955	60
ENSG00000231508.1	0	0	0
ENSG00000231970.1	0	6	636
ENSG00000200737.1	3	3	0
ENSG00000171314.8	35145	35072	74
ENSG00000171311.12	1578	1577	1
ENSG00000171307.18	2988	2975	13
ENSG00000155229.20	3812	3710	105
ENSG00000165886.4	649	651	1
ENSG00000165887.11	503	499	4
ENSG00000241935.8	154	153	1
ENSG00000249967.1	0	0	0
ENSG00000203942.4	3	3	0
ENSG00000171160.17	409	395	14
ENSG00000155252.13	1367	1253	122
ENSG00000119986.6	3971	3973	6
ENSG00000155254.12	3340	3331	10
ENSG00000155256.17	1825	1823	2
ENSG00000120057.4	65	64	1
ENSG00000227356.2	0	0	0
ENSG00000155265.10	228	266	5
ENSG00000095713.13	34	36	41
ENSG00000278752.1	0	0	0
ENSG00000166024.13	1088	1081	7
ENSG00000138131.3	274	293	8
ENSG00000230928.1	4	1	30
ENSG00000119943.12	537	535	2
ENSG00000284415.1	0	0	0
ENSG00000107521.18	1547	1545	2
ENSG00000264610.1	3	3	0
ENSG00000172987.12	0	0	0
ENSG00000274056.1	0	0	0
ENSG00000236818.1	0	0	0
ENSG00000234109.1	0	0	0
ENSG00000119946.10	2821	2793	28
ENSG00000120053.11	2448	2438	29
ENSG00000224934.4	90	108	1
ENSG00000257582.5	0	0	0
ENSG00000228778.2	0	0	0
ENSG00000119919.10	4	3	1
ENSG00000155287.10	948	942	6
ENSG00000260475.1	11	10	1
ENSG00000229278.2	0	0	0
ENSG00000285932.1	0	0	34
ENSG00000198018.6	859	880	14
ENSG00000233690.1	4	2	2
ENSG00000119929.12	1955	1909	52
ENSG00000014919.12	2676	2586	90
ENSG00000023839.11	26714	26601	114
ENSG00000227351.2	1	0	1
ENSG00000107554.16	2406	2808	23
ENSG00000227695.5	6	16	413
ENSG00000120054.11	17	17	0
ENSG00000283232.1	0	0	0
ENSG00000232230.1	1	1	0
ENSG00000270623.1	0	0	0
ENSG00000107566.13	5779	5723	56
ENSG00000213341.10	2847	2847	17
ENSG00000236308.1	12	1	28
ENSG00000227492.1	9	2	202
ENSG00000095485.17	1613	1786	22
ENSG00000212464.1	5	5	0
ENSG00000230224.1	32	3	29
ENSG00000207362.1	0	0	0
ENSG00000196072.11	3554	3535	20
ENSG00000107593.16	10	9	1
ENSG00000231188.1	1	0	1
ENSG00000099194.5	32798	32492	307
ENSG00000235823.2	344	344	0
ENSG00000212325.1	0	0	0
ENSG00000075290.7	8	1	7
ENSG00000075826.16	478	477	1
ENSG00000255339.6	0	0	0
ENSG00000166136.15	160	171	2
ENSG00000166135.13	4970	4931	1747
ENSG00000274660.1	0	0	0
ENSG00000075891.21	27	23	4
ENSG00000222072.1	0	0	0
ENSG00000272572.1	3	20	0
ENSG00000119906.12	2746	2681	82
ENSG00000273476.1	0	0	0
ENSG00000055950.16	1459	2584	286
ENSG00000095539.15	607	852	285
ENSG00000207551.1	0	0	0
ENSG00000236662.1	2	28	93
ENSG00000107815.9	4699	4547	1144
ENSG00000107816.17	2808	2885	15
ENSG00000186862.18	54	53	99
ENSG00000107819.13	2455	2439	22
ENSG00000273162.1	51	51	0
ENSG00000107821.14	177	149	28
ENSG00000236311.6	0	0	0
ENSG00000107807.12	0	0	0
ENSG00000237579.2	0	0	0
ENSG00000270973.1	0	0	0
ENSG00000138136.6	0	0	0
ENSG00000227128.4	1	1	0
ENSG00000229649.1	0	0	0
ENSG00000222238.1	0	0	0
ENSG00000225208.1	0	0	0
ENSG00000230967.2	0	0	0
ENSG00000166167.17	1598	1586	12
ENSG00000222414.1	0	0	0
ENSG00000166171.12	985	944	282
ENSG00000166169.16	813	1051	3
ENSG00000283558.1	0	0	1
ENSG00000263436.1	0	1	0
ENSG00000107829.13	1914	1789	125
ENSG00000222051.1	2	0	2
ENSG00000224817.1	16	16	0
ENSG00000107831.12	2	2	0
ENSG00000107833.10	2950	2943	7
ENSG00000198408.13	8147	7972	175
ENSG00000226009.1	10	10	26
ENSG00000120049.19	82	100	8
ENSG00000120029.12	1766	1752	14
ENSG00000274742.1	0	0	0
ENSG00000222430.1	0	0	0
ENSG00000166189.7	1446	1443	3
ENSG00000224302.1	0	0	0
ENSG00000229629.1	0	0	0
ENSG00000198728.10	3094	3075	20
ENSG00000148840.10	6153	6134	19
ENSG00000166197.16	18480	18356	124
ENSG00000119915.4	18	18	0
ENSG00000107859.9	5	5	0
ENSG00000107862.4	5276	5249	27
ENSG00000077150.18	6530	6469	62
ENSG00000059915.16	56	31	283
ENSG00000107872.12	251	503	6
ENSG00000107874.10	2129	2114	15
ENSG00000202569.4	0	0	0
ENSG00000269609.5	116	193	6
ENSG00000120055.7	5	6	82
ENSG00000138111.14	298	294	30
ENSG00000138107.12	7054	7794	60
ENSG00000273262.1	0	2	772
ENSG00000107882.11	936	934	2
ENSG00000228657.1	2	2	0
ENSG00000207029.1	0	0	0
ENSG00000171206.14	1747	1955	22
ENSG00000272933.1	0	9	221
ENSG00000138175.8	2876	2855	21
ENSG00000156398.12	497	497	0
ENSG00000166272.17	2241	2230	14
ENSG00000252994.1	2	2	0
ENSG00000148795.6	0	1	2
ENSG00000213061.2	1	1	0
ENSG00000236937.2	0	2	1
ENSG00000282772.1	4	8	686
ENSG00000166275.15	738	737	1
ENSG00000270316.1	0	0	0
ENSG00000283337.1	1	1	0
ENSG00000214435.7	5	5	0
ENSG00000235266.1	0	0	0
ENSG00000272912.1	0	0	0
ENSG00000148842.17	931	901	4374
ENSG00000278498.1	0	0	0
ENSG00000076685.18	4401	8660	85
ENSG00000237827.1	1	1	0
ENSG00000213277.3	8	0	8
ENSG00000229256.1	106	106	0
ENSG00000235376.5	402	402	0
ENSG00000148798.10	2959	2937	22
ENSG00000156374.15	1014	1002	12
ENSG00000212413.1	2	2	0
ENSG00000148835.10	517	516	233
ENSG00000173915.15	5450	5668	14
ENSG00000283867.1	0	0	0
ENSG00000148843.14	6129	6048	81
ENSG00000138172.10	185	107	98
ENSG00000273485.1	0	14	6
ENSG00000234699.1	1	1	0
ENSG00000185933.6	6	0	6
ENSG00000183128.7	7	7	0
ENSG00000235470.5	0	0	0
ENSG00000107954.10	18	14	4
ENSG00000226431.1	1	1	0
ENSG00000107957.16	745	730	15
ENSG00000273108.1	0	0	0
ENSG00000222503.1	0	0	0
ENSG00000280693.2	1	0	1
ENSG00000260461.1	66	66	0
ENSG00000107960.10	825	824	1
ENSG00000065613.13	6192	6033	159
ENSG00000266754.2	0	0	0
ENSG00000065618.19	170	166	4
ENSG00000283788.1	0	0	0
ENSG00000156384.14	792	789	4
ENSG00000197748.12	33	25	9
ENSG00000208033.1	0	0	0
ENSG00000148834.12	4524	4491	33
ENSG00000266852.2	6	3	3
ENSG00000065621.14	105	93	12
ENSG00000148841.16	3513	3856	20
ENSG00000270075.1	0	1	362
ENSG00000228261.1	10	1	9
ENSG00000231233.1	7	6	1
ENSG00000120051.14	21	21	0
ENSG00000225768.1	0	0	0
ENSG00000237761.2	0	0	0
ENSG00000156395.12	0	0	0
ENSG00000226387.2	0	0	0
ENSG00000207068.1	0	0	0
ENSG00000233477.1	0	0	0
ENSG00000213260.3	579	579	0
ENSG00000229466.1	0	0	0
ENSG00000229775.6	0	0	0
ENSG00000215002.2	0	0	0
ENSG00000108018.15	1	1	0
ENSG00000200626.1	0	0	0
ENSG00000200079.1	0	0	0
ENSG00000229981.7	0	0	0
ENSG00000234544.2	0	0	0
ENSG00000203434.2	1	1	0
ENSG00000223381.1	0	0	0
ENSG00000224498.1	0	0	0
ENSG00000222436.1	0	0	0
ENSG00000252574.2	0	0	0
ENSG00000200217.1	0	0	0
ENSG00000232728.1	0	0	0
ENSG00000237242.1	0	0	0
ENSG00000270333.1	5	5	0
ENSG00000270294.1	26	26	0
ENSG00000224907.1	0	0	0
ENSG00000108039.17	2248	2362	7
ENSG00000272160.1	0	3	118
ENSG00000203876.9	4	5	82
ENSG00000148700.14	833	903	13
ENSG00000226734.1	0	0	0
ENSG00000119950.20	485	486	3
ENSG00000228417.1	0	0	4
ENSG00000214067.2	0	0	0
ENSG00000119953.12	2657	2636	21
ENSG00000273143.1	74	74	0
ENSG00000237642.1	0	0	0
ENSG00000138166.5	4873	4863	10
ENSG00000233518.1	0	0	0
ENSG00000108055.9	9385	9206	179
ENSG00000223302.1	3	3	0
ENSG00000203867.7	543	536	7
ENSG00000252036.1	0	0	0
ENSG00000199364.1	0	0	0
ENSG00000232470.1	19	0	30
ENSG00000203497.2	118	133	8
ENSG00000150593.17	1942	2064	422
ENSG00000284482.1	0	0	0
ENSG00000214413.7	1354	1755	186
ENSG00000278601.1	3	0	57
ENSG00000270589.1	23	1	22
ENSG00000108061.11	2240	2227	14
ENSG00000234118.1	5	4	1
ENSG00000221214.1	0	0	0
ENSG00000150594.6	1	1	0
ENSG00000213247.3	0	0	0
ENSG00000237618.1	0	0	0
ENSG00000227851.1	0	0	0
ENSG00000230809.1	0	0	0
ENSG00000119927.13	1535	1525	10
ENSG00000119913.5	0	0	0
ENSG00000283688.1	0	0	0
ENSG00000276857.1	0	0	0
ENSG00000243316.7	0	0	0
ENSG00000197142.10	14	7	19
ENSG00000232934.7	2	2	3
ENSG00000023041.11	2976	2957	25
ENSG00000151532.13	1936	2023	24
ENSG00000234017.1	4	3	1
ENSG00000264763.1	0	0	0
ENSG00000233340.1	0	0	0
ENSG00000285676.1	17	2	123
ENSG00000260917.1	254	254	0
ENSG00000279315.1	0	0	0
ENSG00000225292.2	1	1	0
ENSG00000148737.16	1615	1745	25
ENSG00000233547.1	15	26	144
ENSG00000227560.1	1	1	0
ENSG00000238380.1	0	0	0
ENSG00000230018.1	0	0	0
ENSG00000148702.14	14	15	0
ENSG00000197893.13	0	0	1
ENSG00000165806.19	1909	1887	27
ENSG00000234393.1	6	0	11
ENSG00000148735.14	2	2	0
ENSG00000283656.1	0	0	0
ENSG00000212589.1	0	0	0
ENSG00000198924.7	1850	1842	8
ENSG00000196865.4	2060	2041	19
ENSG00000043591.5	97	97	0
ENSG00000285540.1	0	0	0
ENSG00000253066.1	0	0	0
ENSG00000226582.1	1	0	1
ENSG00000165813.19	1260	1216	44
ENSG00000273904.1	0	0	0
ENSG00000284442.1	0	0	0
ENSG00000095627.9	0	0	0
ENSG00000165816.12	6	0	6
ENSG00000230165.1	1	1	0
ENSG00000275024.1	5	5	0
ENSG00000169129.14	3765	3742	23
ENSG00000242912.3	0	0	0
ENSG00000279796.1	1	1	0
ENSG00000099204.19	4978	4942	36
ENSG00000229668.1	0	0	0
ENSG00000228169.3	14	14	0
ENSG00000228484.2	3	1	2
ENSG00000215760.2	0	0	0
ENSG00000151553.14	1788	1780	8
ENSG00000226428.1	0	0	0
ENSG00000165832.5	2374	2363	11
ENSG00000252611.1	2	0	2
ENSG00000236799.1	0	0	0
ENSG00000107518.17	10	11	0
ENSG00000285582.1	0	0	1
ENSG00000270965.1	0	0	0
ENSG00000151892.14	4234	4223	13
ENSG00000285587.1	13	13	2
ENSG00000182645.5	0	0	0
ENSG00000205433.4	0	0	0
ENSG00000203837.4	1	1	0
ENSG00000227096.1	0	0	0
ENSG00000200935.1	0	0	0
ENSG00000175535.6	0	0	0
ENSG00000232091.1	0	0	0
ENSG00000187021.14	0	0	0
ENSG00000266200.6	7	7	0
ENSG00000165863.16	9	10	0
ENSG00000232767.1	0	0	324
ENSG00000165868.14	2825	3158	25
ENSG00000228195.2	1	1	0
ENSG00000188316.13	17	25	38
ENSG00000187164.19	3770	3736	45
ENSG00000235742.1	1	1	0
ENSG00000148704.12	106	102	4
ENSG00000234474.2	0	0	0
ENSG00000266782.1	0	0	0
ENSG00000236171.1	0	0	0
ENSG00000186795.1	0	0	0
ENSG00000225936.1	0	0	0
ENSG00000165646.13	44	2	599
ENSG00000277879.1	106	114	1
ENSG00000165650.11	5499	6006	41
ENSG00000258114.1	0	0	0
ENSG00000229847.8	0	0	0
ENSG00000170370.11	0	0	0
ENSG00000235198.1	0	0	0
ENSG00000234952.1	0	0	0
ENSG00000263041.1	0	0	0
ENSG00000107560.11	1975	2290	22
ENSG00000231104.8	1	1	160
ENSG00000177640.15	133	105	205
ENSG00000238276.5	0	0	0
ENSG00000165669.13	1486	1477	9
ENSG00000232139.5	0	0	0
ENSG00000234309.1	0	0	0
ENSG00000119973.5	0	0	0
ENSG00000225155.4	0	0	0
ENSG00000151893.14	2839	2828	11
ENSG00000277687.1	5	5	0
ENSG00000236058.3	788	787	1
ENSG00000213574.2	112	112	0
ENSG00000229272.1	0	0	0
ENSG00000188613.6	104	103	1
ENSG00000107581.12	34342	32084	2259
ENSG00000207468.1	2	2	0
ENSG00000222588.1	0	0	0
ENSG00000271343.1	0	0	0
ENSG00000119979.17	2439	2408	32
ENSG00000183605.16	1999	1995	4
ENSG00000165672.6	23148	23128	20
ENSG00000198873.11	807	805	2
ENSG00000228485.1	2	2	0
ENSG00000242853.3	1	1	0
ENSG00000236426.5	6	0	6
ENSG00000265719.1	0	0	0
ENSG00000148908.14	1050	1046	4
ENSG00000271353.1	0	0	0
ENSG00000151923.17	5872	5820	52
ENSG00000234569.1	0	0	0
ENSG00000227437.1	0	0	0
ENSG00000151929.9	5585	5549	36
ENSG00000232823.2	3	3	0
ENSG00000198825.13	1021	999	22
ENSG00000242818.3	0	0	0
ENSG00000270300.2	2	0	2
ENSG00000282413.1	0	0	0
ENSG00000197771.12	6895	6867	28
ENSG00000107651.12	6022	5969	53
ENSG00000265370.1	0	0	0
ENSG00000180230.6	0	0	0
ENSG00000223455.1	0	0	0
ENSG00000220842.6	17261	17228	33
ENSG00000234522.1	0	0	0
ENSG00000203805.10	1	1	0
ENSG00000177234.7	0	0	0
ENSG00000227165.8	2	2	2
ENSG00000274461.1	0	0	0
ENSG00000120008.15	4457	4476	58
ENSG00000271670.1	7	0	82
ENSG00000227307.1	0	0	0
ENSG00000278484.1	1	1	0
ENSG00000236762.1	37	37	0
ENSG00000227143.1	0	0	0
ENSG00000222979.1	0	0	0
ENSG00000066468.22	18	18	0
ENSG00000223432.1	0	0	0
ENSG00000223540.1	1	1	0
ENSG00000224250.1	1	0	1
ENSG00000107669.17	2744	2848	21
ENSG00000201884.1	0	0	0
ENSG00000226864.2	3	10	118
ENSG00000273767.1	0	0	0
ENSG00000276742.1	3	0	6
ENSG00000107672.14	2254	2663	12
ENSG00000273891.1	69	1	486
ENSG00000138162.18	5269	5192	77
ENSG00000285715.1	0	0	0
ENSG00000285973.1	1	0	1
ENSG00000138152.8	37	37	0
ENSG00000202245.1	0	0	0
ENSG00000107679.14	2589	2579	11
ENSG00000265442.1	0	0	0
ENSG00000285955.1	21	30	1
ENSG00000254636.1	3	2	1
ENSG00000166033.12	1869	1848	30
ENSG00000187908.17	3	3	0
ENSG00000183559.11	0	0	0
ENSG00000176584.18	0	0	0
ENSG00000138161.13	146	146	0
ENSG00000213185.6	190	190	1
ENSG00000255624.3	306	302	5
ENSG00000203795.2	1	0	1
ENSG00000119965.12	890	884	9
ENSG00000179988.14	291	272	66
ENSG00000095574.11	637	672	9
ENSG00000196177.12	1413	1402	11
ENSG00000188620.9	0	0	0
ENSG00000188816.3	9	9	0
ENSG00000154473.17	10802	10764	38
ENSG00000227586.5	22	22	0
ENSG00000270902.1	0	0	0
ENSG00000230131.5	0	0	0
ENSG00000225152.1	0	0	0
ENSG00000234542.1	0	0	0
ENSG00000154478.3	1	1	0
ENSG00000121898.12	0	0	0
ENSG00000231138.1	0	0	0
ENSG00000234677.1	0	0	0
ENSG00000213438.2	0	0	0
ENSG00000232334.1	0	0	0
ENSG00000182022.17	988	987	1
ENSG00000065154.11	5225	5214	11
ENSG00000229544.8	5	5	0
ENSG00000271434.3	0	0	0
ENSG00000107902.13	416	414	2
ENSG00000229455.2	2	0	2
ENSG00000258539.1	2	2	0
ENSG00000189319.13	1390	1503	3
ENSG00000278831.1	2	1	159
ENSG00000233334.3	0	0	0
ENSG00000203791.14	290	290	0
ENSG00000199466.1	2	0	2
ENSG00000165660.7	1669	1660	9
ENSG00000207494.1	1	0	1
ENSG00000214807.2	9	9	0
ENSG00000249456.1	21	19	2
ENSG00000019995.6	779	1497	188
ENSG00000226899.1	4	3	2
ENSG00000175029.16	5685	6875	766
ENSG00000273599.1	163	18	1196
ENSG00000264572.1	0	0	0
ENSG00000282787.1	10	10	0
ENSG00000214298.3	0	0	0
ENSG00000233135.1	0	0	0
ENSG00000237675.5	0	0	0
ENSG00000175018.12	0	0	0
ENSG00000214297.3	2	2	0
ENSG00000228021.7	2	1	49
ENSG00000224023.10	23	37	2
ENSG00000280561.1	0	0	0
ENSG00000234134.1	14	14	0
ENSG00000107938.17	1521	1941	12
ENSG00000236991.6	27	3	334
ENSG00000154485.4	3	2	1
ENSG00000188690.13	2938	2930	8
ENSG00000265092.1	0	0	0
ENSG00000107949.16	6914	7247	537
ENSG00000089876.11	2668	3081	457
ENSG00000277371.1	3	0	3
ENSG00000222629.1	0	0	0
ENSG00000203780.10	172	167	5
ENSG00000234016.1	0	0	0
ENSG00000233409.1	0	0	0
ENSG00000148848.14	903	896	7
ENSG00000222740.1	0	0	0
ENSG00000213170.3	0	0	0
ENSG00000235180.1	10	10	0
ENSG00000154493.18	116	115	1
ENSG00000199321.1	0	0	0
ENSG00000150760.12	4692	5796	51
ENSG00000223528.7	0	16	891
ENSG00000232935.2	0	0	0
ENSG00000188916.8	114	107	9
ENSG00000214285.2	0	0	0
ENSG00000279725.1	0	0	0
ENSG00000186766.7	0	0	0
ENSG00000270778.1	0	0	0
ENSG00000180745.4	0	0	0
ENSG00000132334.16	202	200	2
ENSG00000232259.1	6	0	6
ENSG00000227076.1	15	15	0
ENSG00000148773.13	13992	13868	124
ENSG00000280953.2	0	0	0
ENSG00000234640.1	0	0	0
ENSG00000224190.1	0	0	0
ENSG00000232985.1	0	0	0
ENSG00000225424.1	0	0	0
ENSG00000285615.1	0	0	0
ENSG00000170430.9	286	286	0
ENSG00000237224.4	0	0	0
ENSG00000227374.1	1	1	0
ENSG00000283141.1	0	0	0
ENSG00000108001.13	13	16	0
ENSG00000275327.1	0	0	3
ENSG00000266676.1	0	0	0
ENSG00000275005.1	0	0	0
ENSG00000237489.4	85	84	1
ENSG00000277218.1	11	11	0
ENSG00000233122.2	65	7	58
ENSG00000233319.1	2	2	0
ENSG00000108010.11	6742	6685	57
ENSG00000236303.3	2	2	0
ENSG00000276375.1	0	0	0
ENSG00000222997.1	0	0	0
ENSG00000285529.1	0	0	0
ENSG00000264803.1	0	0	0
ENSG00000176769.9	0	0	0
ENSG00000230098.1	0	0	0
ENSG00000189275.3	5	5	0
ENSG00000280446.1	0	0	0
ENSG00000283095.1	0	0	0
ENSG00000175470.19	2086	2075	12
ENSG00000176171.11	3782	3709	76
ENSG00000277959.1	4	3	3
ENSG00000273521.1	20	1	19
ENSG00000279982.1	5	5	0
ENSG00000188385.11	756	813	24
ENSG00000235010.1	12	10	82
ENSG00000151640.12	1224	1208	16
ENSG00000165752.16	1840	1821	24
ENSG00000148814.17	431	433	3
ENSG00000171813.13	686	682	4
ENSG00000231705.1	3	3	0
ENSG00000234311.1	29	28	1
ENSG00000180066.9	140	137	3
ENSG00000226900.1	1	1	0
ENSG00000229081.1	0	0	0
ENSG00000068383.18	890	973	12
ENSG00000148826.8	3	4	94
ENSG00000171811.13	86	85	1
ENSG00000232903.2	0	0	0
ENSG00000224758.1	0	0	0
ENSG00000240707.2	0	0	0
ENSG00000197177.15	1	1	0
ENSG00000256925.2	1	1	0
ENSG00000235264.1	4	4	0
ENSG00000171798.17	130	129	1
ENSG00000171794.3	0	0	0
ENSG00000151650.7	0	0	0
ENSG00000166917.10	0	0	0
ENSG00000284219.1	0	0	0
ENSG00000273980.1	4	4	0
ENSG00000151651.15	311	311	0
ENSG00000130640.13	4137	4518	854
ENSG00000235245.1	113	113	0
ENSG00000198546.14	289	388	390
ENSG00000283496.1	0	0	0
ENSG00000130643.8	22	19	3
ENSG00000230306.1	6	6	0
ENSG00000226699.1	3	3	0
ENSG00000165828.14	0	0	0
ENSG00000148803.11	165	164	1
ENSG00000127884.4	7200	7189	12
ENSG00000265395.1	3	3	0
ENSG00000274685.1	1	0	1
ENSG00000148832.15	118	118	0
ENSG00000254536.1	0	0	0
ENSG00000148824.18	447	705	12
ENSG00000203772.7	316	29	567
ENSG00000273327.1	2	0	2
ENSG00000214279.13	29	28	2
ENSG00000273336.1	0	0	0
ENSG00000130649.9	10	11	0
ENSG00000278518.1	0	0	5
ENSG00000171772.16	3	0	3
ENSG00000233685.1	0	0	0
ENSG00000225899.7	13	4	9
ENSG00000213543.2	15	3	12
ENSG00000233435.2	51	51	0
ENSG00000230468.1	0	0	0
ENSG00000279626.1	0	0	0
ENSG00000280337.1	0	0	0
ENSG00000274599.2	0	0	0
ENSG00000276964.1	0	0	0
ENSG00000277274.1	0	0	0
ENSG00000275610.1	0	0	0
ENSG00000276164.1	0	0	0
ENSG00000237635.2	0	0	0
ENSG00000278664.1	0	0	0
ENSG00000278761.1	0	0	0
ENSG00000278790.1	0	0	0
ENSG00000276046.1	0	0	0
ENSG00000276904.1	0	0	0
ENSG00000278641.1	0	0	0
ENSG00000213147.3	6	14	2
ENSG00000282875.1	0	2	8
